75.1806941587144 87.27492392167352 79.91196557988317 321.05690730421094
87.57699937181626 28.43767171635806 108.87946930674347 274.6769451592592
38.75042117759928 76.46717266204334 72.32353429362243 320.5994740225549
70.37077558138417 86.45653423156223 78.88120797843584 321.3283886707829
58.46905805470013 94.62731711027232 73.40836865494343 327.3271603466085
59.96433635431665 31.616029329034834 98.96491174571828 279.082810547398
75.59296103510846 66.48992281836874 86.8515544675008 308.72457611085804
42.83133861607151 88.14323393687778 70.43324613470278 326.6570985830222
38.00285625549621 93.66286564516145 67.54934036199512 330.38691085813923
86.43213194786672 96.07531640887039 80.25716248301038 323.79301254871746
