75.17225444730717 87.26830733896612 99.90352586847594 341.05029072150353
87.58194692159974 28.437923815006254 118.88441685652695 284.67719725790744
38.72961961880568 76.46736752881694 72.30273273482884 320.5996688893285
70.36964824884564 86.45350779801215 78.88008064589731 321.3253622372328
58.46795000796598 94.61508952977474 73.40726060820928 327.31493276611087
59.97035323091951 31.607186215415673 98.97092862232114 279.0739674337789
75.59468200890976 66.49153867971671 86.8532754413021 308.72619197220604
42.82473805985537 88.14810204772364 70.42664557848664 326.66196669386807
38.0084342669036 93.67945191517488 67.5549183734025 330.40349712815265
86.44041418896266 96.0784661093647 80.26544472410632 323.79616224921176
