74.33672301799162 86.61326565093373 79.06799443916039 320.39524903347115
88.07175435016467 28.462881581177456 109.37422428509188 274.7021550240786
36.67026529823925 76.48665933940269 70.2433784142624 320.6189606999142
70.25804232753056 86.1538908765545 78.76847472458223 321.02574531577517
58.35825338128577 93.40455906051382 73.29756398152908 326.10440229684997
60.56602401460198 30.731717967118634 99.56659940600362 278.1984991854818
75.76505841523844 66.6515089531663 87.02365184763079 308.8861622456556
42.171282994457556 88.63004502146356 69.77319051308884 327.143909667608
38.56065739623483 95.32149264650421 68.10714150273374 332.045537859482
87.26035605746034 96.39028645830113 81.085386592604 324.10798259814817
