156.26944751314755 156.18202251558318 0 0 0
172.98642809928953 153.67139724706476 1 0 0
191.97169050879444 150.25013088062093 2 0 0
210.7865692550638 147.78876406218583 3 0 0
230.95398406450556 144.50943071844145 4 0 0
251.26522502043522 141.58034693374634 5 0 0
275.21768559415443 138.20805636622225 6 0 0
299.5191569043505 133.7810670566537 7 0 0
152.36540159778633 173.16634036527802 0 1 0
168.73101880489313 171.74711990939622 1 1 0
187.86437038812073 167.8552789641644 2 1 0
207.71530382358753 166.83188841309195 3 1 0
228.38931041762012 162.6613063068438 4 1 0
250.2334262177934 160.52899293866224 5 1 0
273.31085946727575 157.34130640397368 6 1 0
298.4009148629113 154.3442038029906 7 1 0
147.73731545471418 191.2076837520242 0 2 0
166.19843391512097 189.85153765787283 1 2 0
184.49483349448082 187.98075231934882 2 2 0
204.88775056623032 185.49888294219497 3 2 0
225.99926323508362 183.532966505278 4 2 0
249.52433193189682 181.69906643817117 5 2 0
272.4823027884375 179.17356076679167 6 2 0
298.3384863185936 175.366885760909 7 2 0
144.06559826913005 210.61786033602456 0 3 0
162.14543997400645 209.27510096357472 1 3 0
180.9101136693372 207.85967842411995 2 3 0
202.27312351086366 205.73135756745654 3 3 0
223.79342524162354 204.78234740256931 4 3 0
245.93545975617164 202.68109910546778 5 3 0
272.49309963354204 200.73063612905565 6 3 0
298.2524869405897 198.6249267193043 7 3 0
139.0515649189647 230.15510931679384 0 4 0
156.86227323820697 229.65943356458774 1 4 0
176.28154634652228 229.5763294616514 2 4 0
198.58247943653245 229.0073716854956 3 4 0
220.08805339421082 227.63969041583107 4 4 0
243.6427374465653 226.83589952029314 5 4 0
269.89945153541515 225.36273560026297 6 4 0
296.9715592493282 224.5999313467903 7 4 0
134.5535190237652 253.3726698095554 0 5 0
153.81668669014027 251.79148559429345 1 5 0
173.05805834246195 252.30706200083424 2 5 0
195.05682600390054 252.27576934294552 3 5 0
218.4059694672826 251.05867225213635 4 5 0
243.67732002542735 252.4434087512559 5 5 0
269.12559636396793 251.1819135798238 6 5 0
297.0069914092376 251.41222140335952 7 5 0
129.5002447664638 274.7861701829881 0 6 0
148.38168165382726 274.76471143081943 1 6 0
169.03557747030038 275.4073024995057 2 6 0
191.472917446516 276.9063296108066 3 6 0
214.67835492963408 277.19958330491056 4 6 0
239.97829414193708 277.7072527654454 5 6 0
266.8211525890035 278.50476173949374 6 6 0
296.72537575396245 280.16710407157086 7 6 0
123.41127195795383 298.0350210928316 0 7 0
143.4582702827373 299.81099271710536 1 7 0
164.808994520961 301.81594144742365 2 7 0
187.066082054936 302.6693415341156 3 7 0
210.85892000630645 305.13584551769503 4 7 0
236.55247405521013 307.1726166123077 5 7 0
265.4471364522112 308.17412558260844 6 7 0
296.12428445159736 310.00229419696234 7 7 0
