256.0 256.0 0 0 0
276.0 256.0 1 0 0
296.0 256.0 2 0 0
316.0 256.0 3 0 0
336.0 256.0 4 0 0
356.0 256.0 5 0 0
376.0 256.0 6 0 0
396.0 256.0 7 0 0
256.0 276.0 0 1 0
276.0 276.0 1 1 0
296.0 276.0 2 1 0
316.0 276.0 3 1 0
336.0 276.0 4 1 0
356.0 276.0 5 1 0
376.0 276.0 6 1 0
396.0 276.0 7 1 0
256.0 296.0 0 2 0
276.0 296.0 1 2 0
296.0 296.0 2 2 0
316.0 296.0 3 2 0
336.0 296.0 4 2 0
356.0 296.0 5 2 0
376.0 296.0 6 2 0
396.0 296.0 7 2 0
256.0 316.0 0 3 0
276.0 316.0 1 3 0
296.0 316.0 2 3 0
316.0 316.0 3 3 0
336.0 316.0 4 3 0
356.0 316.0 5 3 0
376.0 316.0 6 3 0
396.0 316.0 7 3 0
256.0 336.0 0 4 0
276.0 336.0 1 4 0
296.0 336.0 2 4 0
316.0 336.0 3 4 0
336.0 336.0 4 4 0
356.0 336.0 5 4 0
376.0 336.0 6 4 0
396.0 336.0 7 4 0
256.0 356.0 0 5 0
276.0 356.0 1 5 0
296.0 356.0 2 5 0
316.0 356.0 3 5 0
336.0 356.0 4 5 0
356.0 356.0 5 5 0
376.0 356.0 6 5 0
396.0 356.0 7 5 0
256.0 376.0 0 6 0
276.0 376.0 1 6 0
296.0 376.0 2 6 0
316.0 376.0 3 6 0
336.0 376.0 4 6 0
356.0 376.0 5 6 0
376.0 376.0 6 6 0
396.0 376.0 7 6 0
256.0 396.0 0 7 0
276.0 396.0 1 7 0
296.0 396.0 2 7 0
316.0 396.0 3 7 0
336.0 396.0 4 7 0
356.0 396.0 5 7 0
376.0 396.0 6 7 0
396.0 396.0 7 7 0
